1 0 -2 0
2 -2 -2 0
3 -2 2 0
4 0 2 0

5 0 -2 4
6 -2 -2 4
7 -2 2 4
8 0 2 4

9 0 -2 -0.5
10 0 -2 0
11 0 -1.6 0
12 0 -1.6 -0.5
13 -0.3 -2 -0.5
14 -0.3 -2 0
15 -0.3 -1.6 0
16 -0.3 -1.6 -0.5


17 -1.7 -2 -0.5
18 -1.7 -2 0
19 -1.7 -1.7 0
20 -1.7 -1.7 -0.5
21 -2 -2 -0.5
22 -2 -2 0
23 -2 -1.7 0
24 -2 -1.7 -0.5

25 0 1.6 -0.5
26 0 1.6 0
27 0 2 -0
28 0 2 -0.5
29 -0.3 1.6 -0.5 
30 -0.3 1.6 0
31 -0.3 2 0
32 -0.3 2 -0.5

33 -1.7 1.6 -0.5
34 -1.7 1.6 0
35 -1.7 2 0
36 -1.7 2 -0.5
37 -2 1.6 -0.5
38 -2 1.6 0
39 -2 2 0
40 -2 2 -0.5

41 0 -1.5 0.5
42 0 -1.5 1.5
43 0 1.5 1.5
44 0 1.5 0.5
45 -1.7 -1.5 0.5  
46 -1.7 -1.5 1.5
47 -1.7 1.5 1.5
48 -1.7 1.5 0.5

49 0 -1.5 2 
50 0 -1.5 3
51 0 1.5 3
52 0 1.5 2
53 -1.7 -1.5 2 
54 -1.7 -1.5 3
55 -1.7 1.5 3
56 -1.7 1.5 2

57 0 -1.5 0.5
58 0 -1.5 1.5
59 0 1.5 1.5
60 0 1.5 0.5
61 0 -1.5 2
62 0 -1.5 3
63 0 1.5 3
64 0 1.5 2


Faces:
1 2 3 4.
4 3 2 1.
5 6 7 8.
8 7 6 5.
1 5 6 2.
2 6 5 1.
4 8 7 3.
3 7 8 4.
2 6 7 3.
3 7 6 2.
4 8 5 1.


9 10 11 12.
12 11 10 9.
13 14 15 16.
16 15 14 13.
9 10 14 13.
13 14 10 9.
12 11 15 16.
16 15 11 12.

17 18 19 20.
20 19 18 17.
21 22 23 24.
24 23 22 21.
17 18 22 21.
21 22 18 17.
20 19 23 24.
24 23 19 20.


25 26 27 28.
28 27 26 25.
29 30 31 32.
32 31 30 29.
25 26 30 29.
29 30 26 25.
28 27 31 32.
32 31 27 28.

33 34 35 36.
36 35 34 33.
37 38 39 40.
40 39 38 37.
33 34 38 37.
37 38 34 33.
36 35 39 40.
40 39 35 36.

44 43 42 41.
41 42 43 44.
48 47 46 45.


49 50 51 52.
52 51 50 49.
53 54 55 56.
56 55 54 53.


60 59 58 57.
41 42 58 57.
57 58 42 41.
44 43 59 60.
60 59 43 44.
41 57 60 44.
44 60 57 41.

64 63 62 61.
49 50 62 61.
61 62 50 49.
52 51 63 64.
64 63 51 52.
49 61 64 52.
52 64 61 49.
